9214780178117427200
9219953331771801600
9215015198727864320
9218505767444342404
9216892617468706816
9186215995536769024
9187756278057895936
9221507265134067712
9217966123067122688
9208850351247474688
9217672168576385024
8693240349234704526
9175438619550399616
9215866939402990592
9081975471332900656
8977179994998390784
9181059290970456064
22638
9053858761144207296
9214364837600034816
9017841079242121216
9144259310157357696
9209490704461689856
9220458236709554944
9200853073933602816
9217587076901186368
9218305487273984000
9207351176973203456
9219738114954625024
9216757374902075392
9168248395112098304
9219431387180826624
9214599356849495904
9213640331180900352
7626085956411154890
9222824892542230528
9196491625194779392
64502
3328445736
9204866083256806736
9183818814368776192
9123934523349991392
9215348851450314752
9120214697384804352
6348180031503316704
9204574980606394368
9213358566046433280
9153078396189943808
2368533955
9214970627704750080
9191001933496713216
5715812310263178656
9218095288135188480
9178509029275852368
9203288243698008064
9216366498518401024
9218940008955240448
9218805099009146880
9202023186742149120
9222890394927235072
83898
9004961581276485888
241902506239990200
9202191044857298944
9032748477186624800
8844361681072466500
9210757987462822912
7799601842307786624
9147161243415150592
9185144466949614384
9220829790250236416
1628856685022780784
9201980455561137664
9219179367150649344
9220906931785302016
9214678103811538944
9016310048439269376
9220874992289712640
9200445361775181824
9214364837600034816
9201463367579421768
9214083362623324160
9103280122507409385
8949120891083613568
9214510130661933056
9218572668599533568
9221577633878245376
9190092492906168320
9159322219356486656
9189735208644853760
9146422179767114496
9195230998548840448
9221242895808247936
8988190439362902912
9208453863089111040
9214326745802088448
9214538285559316480
9212965837525221376
9204536619370344960
9219576522715693056
9193835030204197600
9132083551001069440
9214548802860482560
9162375955646251008
9200723999993102336
9092864244195828864
9216414052396302336
9217640565927439488
9223099044513212900
9223231997119037440
9217831023914516480
9215549251279673856
9210723706749195264
9216212848905135114
9088569135629654016
9212500065879326720
9131860167961870336
9205462114512747328
9211663224585994097
9192534195411091456
115369361707698
9207397654008168448
9187740424755030016
9217742814037931386
9203391517511385088
9219721606710951936
9207837053946142080
9218242815111200768
9215068525041811456
9196728671090507776
9212009309867073536
9220377675850317824
9213684396564140032
9213377539971481600
57845149466850
9194463615463395328
9218783513845694464
9220847629032751104
9201445011759276032
3385051130
9222769815733665792
9206570308736573440
9217229420622340096
9206624275740491776
305181736539648
9007970501291475072
8835254183017478016
9195624241314750464
9162579962165179792
9204734234086283520
9220026276658544640
9215490695198932992
9222235164418600960
9214364837600034816
8632044374037575329
9219788783813206016
9200093241712187856
8760153808277449972
9179239208089326652
9209723185190773232
9222798369107801728
6470625413644605688
9211055347043988736
9171671373927895296
9221861250687900446
9222506660351123456
9176036792069029888
9213786160952770560
9159417389420904448
9194451461559504128
8580625532880090048
9215995315236726784
9218147157599584256
9215160884018544640
9218268549616579104
9219432998279711488
9208186979367518208
9220452710002720768
8451354329338003456
9221292533040807936
9217781752504713216
9215693047646388224
9222743936089113088
9210293108576072704
9215809333885927424
9219719983618326528
9157240517359042560
9183741335692640256
9218305487273984000
9155395503987097600
9223231299366420480
9217793664611254272
9188288959524634624
9183413337589395936
9195414881713349632
9205156977473224704
9197884332279676036
9156287523840024488
9217439191577657344
9168511567434612736
